start[1, 0]
01234500000000
00000000000000
00000000000000
000000  000000
00000     0000
00000      000
000000     000
0000000   0000
0000000000000
00000000000000
00000000000000
00000000000000

demo1
000000000000
100000000000
00000000000 
0000000000  
000000000   
00000000    
 000000     
 000        

demo2
000000    
  000000    
  000       
  00000000  
  0000000   
  000000    
  00000     
  00        


start|demo1|[-1, -8]
start|demo2|[-1, -8]
start|demo3|[-1, -10]
start|demo4|[-1, -10]
start|demo5|[-1, -10]