13.948320 -91.292353
14.001020 -91.603086
14.501409 -92.245277
14.949784 -92.745148
15.512134 -93.317597
16.048481 -94.132501
16.303051 -94.637476
16.162268 -95.166281
15.880637 -95.693843
15.666299 -96.245129
15.704373 -96.869430
15.882259 -97.214597
15.981949 -97.799064
16.281346 -98.456459
16.693698 -99.712798
16.904627 -100.025043
17.250341 -101.102403
17.611579 -101.667502
17.830544 -101.696716
18.020193 -102.0515676
17.964791 -102.516799
18.323230 -103.551032
18.721237 -103.740163
19.012201 -104.332958
19.295526 -104.954805
19.584670 -105.104009
20.037302 -105.558159
20.254197 -105.604297
20.375382 -105.721913
20.498749 -105.607452
20.514276 -105.375401
20.639678 -105.242765
20.757190 -105.363155
20.736210 -105.399449
20.769925 -105.539388
21.030593 -105.308605
21.154052 -105.238504
21.362261 -105.238726
21.477974 -105.205705
21.601145 -105.417355
21.662772 -105.471467
22.013645 -105.655722
22.553845 -105.812993
23.194603 -106.420546
23.808076 -106.930478
24.675362 -108.065697
25.120305 -108.276250
25.511887 -109.087090
25.721689 -109.220944
25.929946 -109.460009
26.355901 -109.258244
26.704666 -109.554500
26.794276 -109.846686
27.052728 -109.879429
27.278142 -110.442355
27.888434 -110.595032
28.039465 -111.243131
28.387923 -111.499656
29.334648 -112.442065
29.919035 -112.805955
30.911280 -113.204804
31.203189 -113.085770
31.330994 -113.599985
31.563688 -113.843765
31.503697 -114.177570
31.676158 -114.731229
31.070749 -114.788673
30.516024 -114.603039
30.034396 -114.596031
29.532658 -113.860136
28.933235 -113.503659
28.365114 -112.809084
27.783526 -112.687548
27.532120 -112.335951
26.768342 -111.680816
26.257266 -111.330488
24.820969 -110.641851
24.450642 -110.679416
24.177808 -110.324689
24.361825 -110.273204
24.068333 -109.853780
23.649478 -109.677879
23.499933 -109.453099
23.207836 -109.425112
22.903073 -109.837132
23.428499 -110.270539
24.766982 -112.244674
25.659954 -112.086808
26.074226 -112.341996
26.732497 -113.228618
27.213841 -114.497932
27.379702 -114.525615
27.806511 -115.055411
27.882364 -114.326788
28.468880 -114.104766
29.694519 -115.625584
30.365666 -115.887223
30.404249 -116.004681
30.787895 -116.076841
30.978454 -116.325340
31.170826 -116.327767
31.562143 -116.716831
31.823275 -116.630864
32.016650 -116.886406
32.235560 -116.945917
32.285307 -117.043564
32.534016 -117.127611
33.319877 -117.534565
33.711426 -118.263758
34.049777 -118.528295
34.044772 -118.825269
34.367023 -119.508788
34.469792 -120.491254
34.521596 -120.540210
35.212198 -120.833414
35.706447 -121.345598
36.272948 -121.894707
36.615970 -121.997836
36.783834 -121.799618
36.962160 -121.965493
36.976239 -122.148441
37.279266 -122.412905
37.782423 -122.516578
37.803447 -122.396182
37.577957 -122.307025
37.422437 -122.006532
37.458807 -121.953826
37.569999 -122.111290
37.782626 -122.328519
37.959908 -122.427849
38.052996 -122.268070
38.146525 -122.394005
38.022977 -122.493568
37.880923 -122.441120
37.820988 -122.526226
38.014374 -123.017665
38.236592 -122.986173
38.457012 -123.110043
38.949568 -123.740640
39.336033 -123.814729
39.782864 -123.834438
40.217010 -124.350382
40.452661 -124.437072
41.127040 -124.166041
41.784994 -124.270381
42.026413 -124.242166
42.251728 -124.430649
42.810892 -124.563789
43.321193 -124.416016
44.794310 -124.082973
46.208603 -124.007995
46.230854 -123.572847
46.267740 -123.611491
46.277619 -124.074399
46.655530 -124.070773
46.633296 -124.038213
46.380843 -124.015617
46.490661 -123.945331
46.674084 -123.931894
46.727505 -123.874323
46.747555 -124.103443
46.911737 -124.124448
46.963300 -123.845234
46.985334 -123.994942
47.043557 -124.110752
46.953475 -124.134445
46.952957 -124.169528
47.298838 -124.241979
47.841326 -124.600785
48.153658 -124.744868
48.374304 -124.673469
48.124057 -122.899503
47.572930 -122.406677
48.767891 -122.532692
49.178146 -123.221511
50.046162 -124.832485
49.947001 -125.204266
49.695168 -124.867482
49.391139 -124.622316
49.144214 -123.796432
48.498634 -123.328663
48.321149 -123.651870
48.795668 -125.135295
48.991691 -125.095807
48.934811 -125.476217
49.421627 -126.552719
50.070619 -127.406545
50.119849 -127.844465
50.789552 -128.495161
50.830834 -127.705234
50.578680 -126.852185
50.732804 -126.637826
50.926088 -127.451825
51.139258 -127.777299
52.667103 -129.105413
52.744276 -129.277775
53.586137 -130.615740
54.839081 -131.209428
54.702062 -132.853973

29.421525 -113.590927
29.000899 -113.122126
29.277244 -113.186264
29.547658 -113.510934
29.421525 -113.590927

28.875192 -112.564966
29.201684 -112.460383
29.221243 -112.298983
29.029741 -112.196491
28.758624 -112.278496
28.875192 -112.564966

28.353745 -115.195638
28.044208 -115.158056
28.176679 -115.331398
28.353745 -115.195638

13.497177 -83.591181
14.388870 -83.199651
15.022017 -83.146784
15.199819 -83.302800
15.340304 -83.843600
15.582167 -83.976620
15.986549 -85.035274
16.035005 -85.835597
15.818804 -86.412709
15.904064 -87.767730
15.952759 -88.967266
16.838119 -88.222657
19.547443 -87.406568
20.164562 -87.436591
20.956905 -86.842453
21.586559 -87.075014
21.655980 -88.107101
21.042156 -90.356154
19.928700 -90.464861
19.720343 -90.701979
19.334531 -90.733506
18.810109 -91.496863
18.805671 -91.391913
18.742426 -91.236756
18.543737 -91.320128
18.492111 -91.499263
18.452757 -91.518923
18.529121 -91.864024
18.603704 -91.855402
18.755123 -91.512303
18.779032 -91.429632
18.642231 -91.909345
18.699662 -91.969733
18.584628 -92.725604
18.388520 -93.590276
18.202254 -94.505070
18.686775 -95.138713
18.878381 -95.876484
20.222087 -96.702697
21.919651 -97.707168
25.375412 -97.725680
25.355084 -97.377524
25.868296 -97.119416
26.889943 -97.491473
27.801575 -97.129804
28.855725 -95.322924
29.671067 -93.906352
29.762646 -93.138461
29.175030 -90.746430
29.358987 -89.418063
30.226687 -89.366003
30.364679 -88.476655
30.273683 -87.729007
30.381258 -86.366180
29.743427 -85.312865
29.735049 -84.887198
30.106556 -84.019230
29.174578 -83.018203
29.142882 -82.779824
28.630346 -82.672313
27.920105 -82.838350
26.569051 -82.087731
25.904365 -81.780108
25.835364 -81.340194
25.121326 -81.063604
25.237675 -80.274962
26.835551 -80.034828
28.334665 -80.695735
28.469135 -80.519365
28.650086 -80.609035
28.694306 -80.765461
29.054520 -80.867032
30.392935 -81.386776
30.669369 -81.439248
31.639968 -81.159474
32.426307 -80.470379
32.902392 -79.562763
33.186434 -79.201092
33.739920 -78.816962
33.915270 -78.217972
33.888080 -77.952732
34.176963 -77.819324
34.404017 -77.576641
34.646960 -77.090899
34.692932 -76.693056
34.643966 -76.536530
34.961667 -76.270591
35.071131 -76.451490
34.985199 -76.733071
35.264257 -76.484088
35.435795 -76.701114
35.349053 -76.063224
35.636831 -75.731430
35.942314 -75.695066
36.049951 -76.340148
36.186769 -75.753233
36.544420 -75.861796
36.905977 -75.984687
36.953179 -76.233698
37.329473 -76.277546
37.432007 -76.250145
37.785079 -76.299821
37.884228 -76.245507
38.146216 -76.623975
38.269477 -76.976314
38.291461 -76.910666
38.189629 -76.542063
38.129296 -76.530732
38.060822 -76.316946
38.388486 -76.383879
38.620260 -76.508899
39.031022 -76.401879
39.245133 -76.364505
39.313991 -76.182581
39.159686 -76.281391
38.714792 -76.339880
38.625357 -76.180955
38.505486 -76.328009
38.236835 -76.049660
37.980629 -75.903352
37.962989 -75.643455
37.553698 -75.947136
37.126364 -75.952921
37.408291 -75.818266
37.889080 -75.351624
38.446603 -75.068089
38.947863 -74.975310
39.461227 -74.309903
39.827751 -74.078825
40.401796 -73.980764
40.485071 -74.255289
40.806637 -72.566840
41.060430 -71.866851
41.047976 -72.271365
41.149525 -72.251489
40.990554 -72.637109
40.970162 -73.143419
40.863977 -73.782970
41.168664 -73.119171
41.246775 -72.888020
41.265985 -73.360212
41.316880 -71.857285
41.390837 -71.459831
41.724277 -71.345172
41.462423 -71.193252
41.554118 -70.930569
41.735975 -70.620625
41.523197 -70.662484
41.644467 -69.940737
41.883945 -69.957441
42.046128 -70.065487
42.080293 -70.167626
42.069560 -70.240582
42.028376 -70.201311
42.049909 -70.128353
41.928525 -70.069126
41.928402 -70.024003
41.787639 -70.021813
41.736163 -70.239066
41.805353 -70.537502
41.927062 -70.538159
41.976247 -70.681424
42.086549 -70.644574
42.268875 -70.815079
42.298193 -71.012792
42.455038 -70.929603
42.639423 -70.608013
42.689625 -70.626234
42.672812 -70.735348
42.826621 -70.804145
42.212319 -70.579609
43.327649 -70.555263
43.425122 -70.372147
43.534008 -70.322284
43.582475 -70.206982
43.749786 -70.206965
43.850847 -69.962860
43.718455 -69.859944
44.087993 -69.048837
44.340654 -68.876748
44.308764 -68.536830
44.789123 -66.993364
45.066612 -67.094450
45.111840 -66.402710
45.601517 -64.764601
45.342138 -64.935483
45.363156 -63.412213
45.290962 -64.419884
44.573330 -66.021509
44.095313 -66.202571
43.708867 -66.000913
43.737014 -65.834004
43.487201 -65.721721
43.542690 -65.353055
43.883053 -64.782185
44.384152 -64.228502
44.500816 -63.525746
45.314177 -60.998761
45.398380 -61.525563
45.588169 -60.623971
45.966009 -59.795308
46.406798 -60.467980
46.850906 -60.303731
47.022412 -60.622867
46.015736 -61.557095
45.705983 -61.542869
45.667437 -61.839728
45.883851 -61.957142
45.631450 -62.480171
45.789238 -63.032043
46.028657 -63.057405
46.107165 -63.785690
46.257174 -64.532542
47.080341 -64.815730
47.108648 -65.284623
47.730612 -64.662402
47.824340 -65.219512
47.658821 -65.635592
47.891825 -65.813249
48.085211 -66.412515
48.010969 -65.447880
48.432100 -64.323021
48.841919 -64.193061
49.244711 -64.988154
49.130271 -66.619814
48.659093 -68.135186
48.015212 -69.393034
47.024836 -70.554958
47.139402 -70.711783
48.655677 -69.080092
49.298217 -67.370074
49.997646 -66.930331
50.262194 -65.902776
50.276615 -59.876177

41.644789 -87.264119
42.359994 -87.846949
44.196307 -87.510945
45.290611 -87.032940
44.623126 -87.958462
45.652494 -87.120340
45.968354 -84.834886
45.874891 -83.195106
45.565840 -81.754378
45.796835 -81.581065
46.084442 -83.761389
46.284757 -83.780676
45.857766 -80.737713
44.532319 -79.980288
45.265482 -81.464736
44.569600 -81.310968
44.110218 -81.674843
43.369560 -81.773315
43.044064 -82.390957
44.053488 -82.867746
43.936481 -83.326781
43.692508 -83.887726
44.317695 -83.362685
45.315259 -83.374551
45.787065 -84.889412
44.791614 -85.514361
45.172237 -85.590905
44.663119 -86.227362
43.683079 -86.542283
42.761620 -86.256781
42.181185 -86.348542
41.644789 -87.264119
41.644789 -87.264119

42.054880 -83.155493
41.765853 -83.488078
41.432794 -82.496167
42.776952 -78.927496
42.797420 -80.197916
42.575604 -80.405730
42.696917 -81.244163
41.948891 -82.489853
42.054880 -83.155493

43.283020 -79.831685
43.245167 -79.292936
43.373154 -78.312100
43.230514 -77.465218
43.560065 -76.276414
44.239085 -76.516179
43.898530 -77.137751
44.009425 -77.707093
43.800449 -79.197826
43.283020 -79.831685

46.515740 -84.638718
46.797348 -84.969353
46.550293 -87.344571
46.884373 -87.774926
46.977700 -88.432384
47.483860 -87.764446
47.457068 -88.341318
47.007296 -89.091602
46.606192 -90.354397
46.956974 -90.892765
46.747029 -92.111815
47.653281 -90.743894
48.116678 -89.256183
48.828968 -87.700800
48.727151 -86.431822
47.995970 -85.922020
47.884581 -84.886914
47.532826 -85.028483
47.282605 -84.628114
47.023855 -84.839264
46.863127 -84.459924
46.515740 -84.638718

61.311890 -93.825832
59.982912 -94.836735
58.807487 -94.460487
58.743176 -93.145087
57.302043 -92.430607
56.980664 -92.657077
57.279625 -90.983846
57.019893 -89.975454
56.834630 -88.840689
56.477843 -87.957456
55.942522 -87.190256
55.250018 -84.867292
55.016458 -82.281522
54.283931 -82.390575
53.882539 -82.181616
52.837748 -82.095693
52.414925 -81.528530
52.111236 -81.376392
52.025755 -80.991198
51.736925 -80.600721
51.373260 -80.344016
51.178313 -79.806800
51.360033 -79.763212
51.661248 -79.364406
51.644183 -79.209333
51.547877 -79.227798
51.479436 -79.009791
51.286370 -78.929608
51.586345 -78.808605
51.802560 -79.080767
52.236125 -78.560823
53.019120 -78.998381
53.484828 -79.124234
54.087758 -79.153447
54.321157 -79.491627
54.631301 -79.738391
55.064754 -78.258287
55.673570 -77.169376
56.032615 -76.711363
56.680223 -76.544172
57.235324 -76.612257
57.994213 -77.208360
58.407533 -78.204638
58.695576 -78.732284
58.814154 -78.722482
59.411695 -77.947695
59.695014 -77.804535
60.069286 -77.638754
60.401038 -77.800411
60.756751 -77.876884
60.730611 -78.675129
60.904523 -78.139775
61.081685 -77.830453

53.029356 -82.029602
53.159689 -81.935975
53.221296 -81.188462
52.796408 -80.658228
52.666714 -80.724191
53.029356 -82.029602

55.806515 -79.923093
55.824496 -79.065668
56.208696 -78.633540
56.434633 -78.637309
56.517501 -79.098737
56.674890 -79.277486
56.365590 -79.664960
56.312299 -80.016022
56.180150 -80.100753
55.806515 -79.923093

21.907954 -84.938400
22.071792 -84.371717
22.351724 -84.428435
22.888155 -83.479769
23.076042 -82.539374
23.138181 -81.590775
23.077298 -80.603826
22.770246 -79.664932
22.416906 -79.297014
22.387441 -78.746364
22.171896 -78.151402
21.769915 -77.544691
21.912117 -77.604022
22.299758 -78.226787
22.556978 -78.699635
22.583739 -78.393028
22.053781 -77.617575
21.579457 -77.058931
21.269911 -76.362066
21.092803 -76.029644
21.026029 -75.603108
20.756745 -75.624600
20.711693 -75.013907
20.470451 -74.575936
20.292464 -74.366200
20.286008 -75.182157
20.073403 -74.219041
20.009594 -74.863548
19.898990 -74.973063
19.884364 -75.445566
19.965143 -75.808742
19.861403 -76.961747
19.829991 -77.746984
20.083705 -77.578628
20.403609 -77.106019
20.703963 -77.268937
20.713053 -78.056970
21.060505 -78.509251
21.623483 -78.724331
21.543823 -79.210059
21.846289 -80.216619
22.024487 -80.435029
22.090881 -81.081196
22.092892 -81.393334
22.181427 -81.393334
22.185805 -81.848317
22.256583 -81.862785
22.419600 -82.159963
22.482460 -81.647697
22.575396 -81.657312
22.677040 -81.849210
22.663240 -82.098622
22.680561 -82.759319
22.495122 -83.077668
22.368698 -83.128492
22.249140 -83.308718
22.176008 -83.481416
22.148803 -83.941605
21.928768 -84.027117
21.901242 -84.249632
21.766523 -84.514544
21.916472 -84.508436
21.907954 -84.938400

21.603508 -83.158152
21.531048 -83.024611
21.624163 -82.968896
21.800155 -83.057908
21.934572 -82.890504
21.851342 -82.667594
21.768319 -82.589822
21.581867 -82.545947
21.437865 -82.980183
21.489659 -83.146987
21.603508 -83.158152

18.464646 -78.224951
18.449980 -77.936159
18.525492 -77.833635
18.416959 -76.895383
18.263912 -76.778874
18.178769 -76.369774
17.913823 -76.195960
17.869551 -76.597128
17.991696 -76.828269
17.839386 -76.924362
17.852892 -77.041720
17.907039 -77.020212
17.795211 -77.166129
17.727536 -77.126950
17.707158 -77.173134
17.825397 -77.326215
17.862422 -77.415243
17.857862 -77.739192
18.207864 -78.057194
18.250935 -78.371179
18.464646 -78.224951

23.753341 -77.786593
24.019887 -77.830006
24.596778 -78.466223
24.909592 -78.192797
25.170510 -78.225027
25.159543 -78.018202
24.858957 -77.930154
24.683206 -77.755262
24.297645 -77.680775
24.155757 -77.556640
23.866483 -77.513770
23.724761 -77.557425
23.753341 -77.786593

21.037369 -73.668555
21.202986 -73.360089
21.158537 -73.160411
21.321952 -73.025717
21.194488 -73.024108
20.961619 -73.157786
21.037369 -73.668555

19.847844 -73.402990
19.980703 -72.837422
19.753243 -72.269526
19.708895 -71.777853
19.894274 -71.569334
19.871135 -71.089862
19.940429 -71.040557
19.882014 -70.782457
19.644290 -69.890697
19.293132 -69.738958
19.299803 -69.159047
19.183738 -69.221634
19.222594 -69.624750
19.084896 -69.628445
19.037829 -68.913838
18.603569 -68.324720
18.343974 -68.481068
18.234260 -68.637202
18.383068 -68.855932
18.422006 -69.975135
18.231807 -70.150943
18.214271 -70.561535
18.406836 -70.619659
18.252647 -70.934126
17.611617 -71.415832
17.748489 -71.518406
17.779716 -71.671508
18.007046 -71.689965
18.237479 -72.040959
18.168471 -72.809281
18.242940 -73.508786
18.142057 -73.823643
18.020903 -73.805185
18.044039 -73.890843
18.219691 -74.063998
18.312276 -74.365109
18.424089 -74.461210
18.634948 -74.438806
18.687724 -74.156188
18.464981 -72.675522
18.563789 -72.614436
18.549439 -72.351049
18.668465 -72.320396
19.062941 -72.827306
19.441969 -72.751888
19.657667 -73.217091
19.666433 -73.438301
19.847844 -73.402990

18.716129 -72.816074
18.801561 -72.816128
18.971728 -73.213135
18.928744 -73.300150
18.849589 -73.241803
18.746658 -73.038455
18.716129 -72.816074

18.524622 -67.138011
18.464136 -65.890933
18.364831 -65.630974
18.209620 -65.613991
18.187512 -65.735284
18.027264 -65.821055
17.950605 -67.203915
18.283541 -67.186163
18.306441 -67.234550
18.369521 -67.270923
18.409833 -67.150010
18.524622 -67.138011