
WORLD~main~#202
WLY~0~0~0~5000~5000~#868

MESH~box1
WLZ~70~10~-10~10~10~#068
WLZ~70~10~10~15~10~#068
WLX~60~10~0~10~10~#088
WLX~80~10~0~10~10~#088

MESH~house
WLZ~0~15~-130~50~15~#FB6
WLZ~0~15~-220~50~15~#FB6
WLX~50~15~-175~45~15~#EA8
WLX~-50~25~-175~45~5~#EA8
WLX~-50~15~-200~20~15~#EA8
WLX~-50~15~-150~20~15~#EA8

BOX~0~200~0~20~20~20~#F0F

FRP~[[0, 10, 60], [0, 10, 80], [10, 10, 80], [10, 10, 60]]~#FFF
FRP~[[0, 20, 80], [0, 20, 100], [10, 20, 100], [10, 20, 80]]~#FFF
FRP~[[-103, 12, 9], [-81, 12, -33], [-116, 12, -37]]~#000
FRP~[[0, 0, -200], [0, 0, -219], [38, 20, -219], [38, 20, -200]]~#A60

MESH~staircase
FRP~[[0,0,20],[0,0,36],[13.776603565143233,0,33.25966317040633],[7.653668647301796,0,18.477590650225736]]~#FF0
FRP~[[7.653668647301796,1.5,18.477590650225736],[13.776603565143233,1.5,33.25966317040633],[25.45584412271571,1.5,25.455844122715714],[14.14213562373095,1.5,14.142135623730951]]~#FF0
FRP~[[14.14213562373095,3,14.142135623730951],[25.45584412271571,3,25.455844122715714],[33.25966317040633,3,13.776603565143235],[18.477590650225736,3,7.653668647301797]]~#FF0
FRP~[[18.477590650225736,4.5,7.653668647301797],[33.25966317040633,4.5,13.776603565143235],[36,4.5,2.204364238465236e-15],[20,4.5,1.2246467991473533e-15]]~#FF0
FRP~[[20,6,1.2246467991473533e-15],[36,6,2.204364238465236e-15],[33.25966317040633,6,-13.77660356514323],[18.477590650225736,6,-7.653668647301794]]~#FF0
FRP~[[18.477590650225736,7.5,-7.653668647301794],[33.25966317040633,7.5,-13.77660356514323],[25.455844122715714,7.5,-25.45584412271571],[14.142135623730951,7.5,-14.14213562373095]]~#FF0
FRP~[[14.142135623730951,9,-14.14213562373095],[25.455844122715714,9,-25.45584412271571],[13.776603565143235,9,-33.25966317040633],[7.653668647301797,9,-18.477590650225736]]~#FF0
FRP~[[7.653668647301797,10.5,-18.477590650225736],[13.776603565143235,10.5,-33.25966317040633],[4.408728476930472e-15,10.5,-36],[2.4492935982947065e-15,10.5,-20]]~#FF0
FRP~[[2.4492935982947065e-15,12,-20],[4.408728476930472e-15,12,-36],[-13.776603565143228,12,-33.25966317040633],[-7.653668647301793,12,-18.477590650225736]]~#FF0
FRP~[[-7.653668647301793,13.5,-18.477590650225736],[-13.776603565143228,13.5,-33.25966317040633],[-25.45584412271571,13.5,-25.455844122715718],[-14.14213562373095,13.5,-14.142135623730955]]~#FF0
FRP~[[-14.14213562373095,15,-14.142135623730955],[-25.45584412271571,15,-25.455844122715718],[-33.25966317040631,15,-13.776603565143253],[-18.47759065022573,15,-7.6536686473018065]]~#FF0
FRP~[[-18.47759065022573,16.5,-7.6536686473018065],[-33.25966317040631,16.5,-13.776603565143253],[-36,16.5,-6.613092715395707e-15],[-20,16.5,-3.673940397442059e-15]]~#FF0
FRP~[[-20,18,-3.673940397442059e-15],[-36,18,-6.613092715395707e-15],[-33.25966317040632,18,13.77660356514324],[-18.477590650225732,18,7.6536686473018]]~#FF0
FRP~[[-18.477590650225732,19.5,7.6536686473018],[-33.25966317040632,19.5,13.77660356514324],[-25.455844122715718,19.5,25.45584412271571],[-14.142135623730955,19.5,14.14213562373095]]~#FF0
FRP~[[-14.142135623730955,21,14.14213562373095],[-25.455844122715718,21,25.45584412271571],[-13.776603565143255,21,33.25966317040631],[-7.653668647301808,21,18.47759065022573]]~#FF0
FRP~[[-7.653668647301808,22.5,18.47759065022573],[-13.776603565143255,22.5,33.25966317040631],[-8.817456953860943e-15,22.5,36],[-4.898587196589413e-15,22.5,20]]~#FF0
FRP~[[-4.898587196589413e-15,24,20],[-8.817456953860943e-15,24,36],[13.776603565143239,24,33.25966317040633],[7.653668647301799,24,18.477590650225736]]~#FF0
FRP~[[7.653668647301799,25.5,18.477590650225736],[13.776603565143239,25.5,33.25966317040633],[25.455844122715707,25.5,25.455844122715718],[14.142135623730947,25.5,14.142135623730955]]~#FF0
FRP~[[14.142135623730947,27,14.142135623730955],[25.455844122715707,27,25.455844122715718],[33.25966317040631,27,13.776603565143258],[18.47759065022573,27,7.65366864730181]]~#FF0
FRP~[[18.47759065022573,28.5,7.65366864730181],[33.25966317040631,28.5,13.776603565143258],[36,28.5,1.1021821192326179e-14],[20,28.5,6.123233995736766e-15]]~#FF0
FRP~[[20,30,6.123233995736766e-15],[36,30,1.1021821192326179e-14],[33.25966317040633,30,-13.776603565143235],[18.477590650225736,30,-7.653668647301797]]~#FF0
FRP~[[18.477590650225736,31.5,-7.653668647301797],[33.25966317040633,31.5,-13.776603565143235],[25.455844122715742,31.5,-25.455844122715682],[14.142135623730967,31.5,-14.142135623730933]]~#FF0
FRP~[[14.142135623730967,33,-14.142135623730933],[25.455844122715742,33,-25.455844122715682],[13.776603565143258,33,-33.25966317040631],[7.65366864730181,33,-18.47759065022573]]~#FF0
FRP~[[7.65366864730181,34.5,-18.47759065022573],[13.776603565143258,34.5,-33.25966317040631],[1.3226185430791413e-14,34.5,-36],[7.347880794884118e-15,34.5,-20]]~#FF0
FRP~[[7.347880794884118e-15,36,-20],[1.3226185430791413e-14,36,-36],[-13.776603565143235,36,-33.25966317040633],[-7.653668647301797,36,-18.477590650225736]]~#FF0
FRP~[[-7.653668647301797,37.5,-18.477590650225736],[-13.776603565143235,37.5,-33.25966317040633],[-25.455844122715725,37.5,-25.4558441227157],[-14.142135623730958,37.5,-14.142135623730944]]~#FF0
FRP~[[-14.142135623730958,39,-14.142135623730944],[-25.455844122715725,39,-25.4558441227157],[-33.25966317040631,39,-13.77660356514326],[-18.47759065022573,39,-7.653668647301811]]~#FF0
FRP~[[-18.47759065022573,40.5,-7.653668647301811],[-33.25966317040631,40.5,-13.77660356514326],[-36,40.5,-1.543054966925665e-14],[-20,40.5,-8.572527594031473e-15]]~#FF0
FRP~[[-20,42,-8.572527594031473e-15],[-36,42,-1.543054966925665e-14],[-33.25966317040633,42,13.776603565143233],[-18.477590650225736,42,7.653668647301796]]~#FF0
FRP~[[-18.477590650225736,43.5,7.653668647301796],[-33.25966317040633,43.5,13.776603565143233],[-25.455844122715746,43.5,25.45584412271568],[-14.142135623730969,43.5,14.142135623730931]]~#FF0

MESH~platforms
FRP~[[-5010,-6,5025],[-5022,-6,5028],[-5029,-6,5039],[-5032,-6,5055],[-5026,-6,5060],[-5014,-6,5061],[-5002,-6,5055],[-4996,-6,5042],[-5000,-6,5029]]~#868
FRP~[[-5032,-6,5055],[-5030,-21,5047],[-5026,-6,5060]]~#769



WORLD~void~#666
FRP~[[-191,-1234,-850],[-810,-1234,394],[-193,-1234,2048],[600,-1234,2340],[1392,-1234,1776],[1098,-1234,1317],[773,-1234,1516],[427,-1234,1433],[123,-1234,1179],[-62,-1234,745],[-44,-1234,310],[105,-1234,50],[445,-1234,-28],[656,-1234,-164],[768,-1234,-180],[885,-1234,-142],[957,-1234,-74],[1041,-1234,148],[1164,-1234,557],[1098,-1234,1317],[1392,-1234,1776],[1728,-1234,441],[1259,-1234,-895],[534,-1234,-1253]]~#777

MESH~basin
FRP~[[781,-1263,1382.846932901971],[773,-1234,1516],[1098,-1234,1317]]~#878

MESH~tree
FRP~[[-264,-1224,641],[-266,-1234,646],[-263,-1234,646],[-262,-1224,641]]~#787
FRP~[[-266,-1234,643],[-266,-1234,646],[-264,-1224,641],[-264,-1224,638]]~#887